{
 "cells": [
  {
   "cell_type": "code",
   "metadata": {
    "ExecuteTime": {
     "end_time": "2024-07-02T15:29:49.603339Z",
     "start_time": "2024-07-02T15:29:48.352166Z"
    }
   },
   "source": [
    "import pandas as pd\n",
    "import numpy as np\n",
    "\n",
    "# Fungsi untuk menghitung PDF Gaussian\n",
    "def gaussian_pdf(X, mean, cov):\n",
    "    n = X.shape[1]\n",
    "    diff = X - mean\n",
    "    exp_term = np.exp(-0.5 * np.sum(np.dot(diff, np.linalg.inv(cov)) * diff, axis=1))\n",
    "    return exp_term / np.sqrt((2 * np.pi) ** n * np.linalg.det(cov))\n",
    "\n",
    "# Fungsi untuk inisialisasi parameter GMM\n",
    "def initialize_gmm(X, k):\n",
    "    n, d = X.shape\n",
    "    weights = np.ones(k) / k\n",
    "    means = X[np.random.choice(n, k, replace=False)]\n",
    "    covariances = np.array([np.cov(X, rowvar=False)] * k)\n",
    "    return weights, means, covariances\n",
    "\n",
    "# Membaca data dari file Excel\n",
    "file_path = 'data.xlsx'  # Ganti dengan path file Excel Anda\n",
    "df = pd.read_excel(file_path)\n",
    "\n",
    "# Encoding categorical variables\n",
    "df['Status Gizi Ibu'] = df['Status Gizi Ibu'].map({'Baik': 1, 'Kurang': 0})\n",
    "df['Riwayat Penyakit'] = df['Riwayat Penyakit'].map({'Tidak Ada': 1, 'Ada': 0})\n",
    "df['Kondisi Lingkungan'] = df['Kondisi Lingkungan'].map({'Baik': 2, 'Sedang': 1, 'Kurang': 0})\n",
    "df['Akses Layanan Kesehatan'] = df['Akses Layanan Kesehatan'].map({'Baik': 2, 'Sedang': 1, 'Kurang': 0})\n",
    "\n",
    "# Features for clustering\n",
    "features = ['Usia (bulan)', 'Tinggi Badan (cm)', 'Berat Badan (kg)', 'Status Gizi Ibu', 'Riwayat Penyakit', 'Kondisi Lingkungan', 'Akses Layanan Kesehatan']\n",
    "X = df[features].values\n",
    "\n",
    "# Handling infinite values\n",
    "X = np.nan_to_num(X)\n",
    "\n",
    "# Standarisasi data\n",
    "X_mean = X.mean(axis=0)\n",
    "X_std = X.std(axis=0)\n",
    "X = (X - X_mean) / X_std\n",
    "\n",
    "# Menentukan jumlah klaster\n",
    "k = 6  # Sesuai dengan kategori tingkat gizi: Gizi Baik, Gizi Cukup, Gizi Buruk, Gizi Kurang, Gizi Berlebih, dan Obesitas\n",
    "\n",
    "# Inisialisasi parameter GMM\n",
    "weights, means, covariances = initialize_gmm(X, k)\n",
    "print(\"Inisialisasi selesai\")\n",
    "print(\"Bobot Awal:\", weights)\n",
    "print(\"Mean Awal:\", means)\n",
    "print(\"Kovarians Awal:\", covariances)\n"
   ],
   "outputs": [
    {
     "name": "stdout",
     "output_type": "stream",
     "text": [
      "Inisialisasi selesai\n",
      "Bobot Awal: [0.16666667 0.16666667 0.16666667 0.16666667 0.16666667 0.16666667]\n",
      "Mean Awal: [[-1.82352109e+00 -8.75764316e-01 -3.48192300e-01 -9.87873520e-01\n",
      "   1.00380725e+00  1.17961771e-02  1.22606964e+00]\n",
      " [-1.69280506e-01  5.87811076e-01  2.94104123e-01 -9.87873520e-01\n",
      "  -9.96207193e-01  1.24056463e+00  1.22606964e+00]\n",
      " [ 6.57839783e-01  2.99251704e+00  2.15992379e+00 -9.87873520e-01\n",
      "  -9.96207193e-01  1.17961771e-02 -1.59596529e-03]\n",
      " [ 3.74995661e-02 -1.50758744e+00  2.93552503e-02  1.01227534e+00\n",
      "  -9.96207193e-01 -1.21697227e+00 -1.22926157e+00]\n",
      " [-9.96400796e-01 -6.79893565e-01 -4.06131415e-01  1.01227534e+00\n",
      "   1.00380725e+00  1.24056463e+00 -1.59596529e-03]\n",
      " [-1.82352109e+00  2.35293154e-01  7.38439866e-01 -9.87873520e-01\n",
      "  -9.96207193e-01  1.17961771e-02 -1.59596529e-03]]\n",
      "Kovarians Awal: [[[ 1.00010001e+00 -6.92123578e-03  2.50831786e-02 -8.12011266e-03\n",
      "   -4.78522404e-03  8.07029728e-03  1.23985275e-02]\n",
      "  [-6.92123578e-03  1.00010001e+00  2.68951076e-02 -1.60136733e-03\n",
      "    1.27308938e-02  1.02502659e-02 -4.34305782e-03]\n",
      "  [ 2.50831786e-02  2.68951076e-02  1.00010001e+00  4.04611855e-03\n",
      "   -6.14546657e-03 -9.46213646e-03  7.32605139e-04]\n",
      "  [-8.12011266e-03 -1.60136733e-03  4.04611855e-03  1.00010001e+00\n",
      "    3.55428558e-03  4.77199275e-03 -1.60657508e-02]\n",
      "  [-4.78522404e-03  1.27308938e-02 -6.14546657e-03  3.55428558e-03\n",
      "    1.00010001e+00  8.80325125e-03 -2.32674946e-03]\n",
      "  [ 8.07029728e-03  1.02502659e-02 -9.46213646e-03  4.77199275e-03\n",
      "    8.80325125e-03  1.00010001e+00  1.55581048e-02]\n",
      "  [ 1.23985275e-02 -4.34305782e-03  7.32605139e-04 -1.60657508e-02\n",
      "   -2.32674946e-03  1.55581048e-02  1.00010001e+00]]\n",
      "\n",
      " [[ 1.00010001e+00 -6.92123578e-03  2.50831786e-02 -8.12011266e-03\n",
      "   -4.78522404e-03  8.07029728e-03  1.23985275e-02]\n",
      "  [-6.92123578e-03  1.00010001e+00  2.68951076e-02 -1.60136733e-03\n",
      "    1.27308938e-02  1.02502659e-02 -4.34305782e-03]\n",
      "  [ 2.50831786e-02  2.68951076e-02  1.00010001e+00  4.04611855e-03\n",
      "   -6.14546657e-03 -9.46213646e-03  7.32605139e-04]\n",
      "  [-8.12011266e-03 -1.60136733e-03  4.04611855e-03  1.00010001e+00\n",
      "    3.55428558e-03  4.77199275e-03 -1.60657508e-02]\n",
      "  [-4.78522404e-03  1.27308938e-02 -6.14546657e-03  3.55428558e-03\n",
      "    1.00010001e+00  8.80325125e-03 -2.32674946e-03]\n",
      "  [ 8.07029728e-03  1.02502659e-02 -9.46213646e-03  4.77199275e-03\n",
      "    8.80325125e-03  1.00010001e+00  1.55581048e-02]\n",
      "  [ 1.23985275e-02 -4.34305782e-03  7.32605139e-04 -1.60657508e-02\n",
      "   -2.32674946e-03  1.55581048e-02  1.00010001e+00]]\n",
      "\n",
      " [[ 1.00010001e+00 -6.92123578e-03  2.50831786e-02 -8.12011266e-03\n",
      "   -4.78522404e-03  8.07029728e-03  1.23985275e-02]\n",
      "  [-6.92123578e-03  1.00010001e+00  2.68951076e-02 -1.60136733e-03\n",
      "    1.27308938e-02  1.02502659e-02 -4.34305782e-03]\n",
      "  [ 2.50831786e-02  2.68951076e-02  1.00010001e+00  4.04611855e-03\n",
      "   -6.14546657e-03 -9.46213646e-03  7.32605139e-04]\n",
      "  [-8.12011266e-03 -1.60136733e-03  4.04611855e-03  1.00010001e+00\n",
      "    3.55428558e-03  4.77199275e-03 -1.60657508e-02]\n",
      "  [-4.78522404e-03  1.27308938e-02 -6.14546657e-03  3.55428558e-03\n",
      "    1.00010001e+00  8.80325125e-03 -2.32674946e-03]\n",
      "  [ 8.07029728e-03  1.02502659e-02 -9.46213646e-03  4.77199275e-03\n",
      "    8.80325125e-03  1.00010001e+00  1.55581048e-02]\n",
      "  [ 1.23985275e-02 -4.34305782e-03  7.32605139e-04 -1.60657508e-02\n",
      "   -2.32674946e-03  1.55581048e-02  1.00010001e+00]]\n",
      "\n",
      " [[ 1.00010001e+00 -6.92123578e-03  2.50831786e-02 -8.12011266e-03\n",
      "   -4.78522404e-03  8.07029728e-03  1.23985275e-02]\n",
      "  [-6.92123578e-03  1.00010001e+00  2.68951076e-02 -1.60136733e-03\n",
      "    1.27308938e-02  1.02502659e-02 -4.34305782e-03]\n",
      "  [ 2.50831786e-02  2.68951076e-02  1.00010001e+00  4.04611855e-03\n",
      "   -6.14546657e-03 -9.46213646e-03  7.32605139e-04]\n",
      "  [-8.12011266e-03 -1.60136733e-03  4.04611855e-03  1.00010001e+00\n",
      "    3.55428558e-03  4.77199275e-03 -1.60657508e-02]\n",
      "  [-4.78522404e-03  1.27308938e-02 -6.14546657e-03  3.55428558e-03\n",
      "    1.00010001e+00  8.80325125e-03 -2.32674946e-03]\n",
      "  [ 8.07029728e-03  1.02502659e-02 -9.46213646e-03  4.77199275e-03\n",
      "    8.80325125e-03  1.00010001e+00  1.55581048e-02]\n",
      "  [ 1.23985275e-02 -4.34305782e-03  7.32605139e-04 -1.60657508e-02\n",
      "   -2.32674946e-03  1.55581048e-02  1.00010001e+00]]\n",
      "\n",
      " [[ 1.00010001e+00 -6.92123578e-03  2.50831786e-02 -8.12011266e-03\n",
      "   -4.78522404e-03  8.07029728e-03  1.23985275e-02]\n",
      "  [-6.92123578e-03  1.00010001e+00  2.68951076e-02 -1.60136733e-03\n",
      "    1.27308938e-02  1.02502659e-02 -4.34305782e-03]\n",
      "  [ 2.50831786e-02  2.68951076e-02  1.00010001e+00  4.04611855e-03\n",
      "   -6.14546657e-03 -9.46213646e-03  7.32605139e-04]\n",
      "  [-8.12011266e-03 -1.60136733e-03  4.04611855e-03  1.00010001e+00\n",
      "    3.55428558e-03  4.77199275e-03 -1.60657508e-02]\n",
      "  [-4.78522404e-03  1.27308938e-02 -6.14546657e-03  3.55428558e-03\n",
      "    1.00010001e+00  8.80325125e-03 -2.32674946e-03]\n",
      "  [ 8.07029728e-03  1.02502659e-02 -9.46213646e-03  4.77199275e-03\n",
      "    8.80325125e-03  1.00010001e+00  1.55581048e-02]\n",
      "  [ 1.23985275e-02 -4.34305782e-03  7.32605139e-04 -1.60657508e-02\n",
      "   -2.32674946e-03  1.55581048e-02  1.00010001e+00]]\n",
      "\n",
      " [[ 1.00010001e+00 -6.92123578e-03  2.50831786e-02 -8.12011266e-03\n",
      "   -4.78522404e-03  8.07029728e-03  1.23985275e-02]\n",
      "  [-6.92123578e-03  1.00010001e+00  2.68951076e-02 -1.60136733e-03\n",
      "    1.27308938e-02  1.02502659e-02 -4.34305782e-03]\n",
      "  [ 2.50831786e-02  2.68951076e-02  1.00010001e+00  4.04611855e-03\n",
      "   -6.14546657e-03 -9.46213646e-03  7.32605139e-04]\n",
      "  [-8.12011266e-03 -1.60136733e-03  4.04611855e-03  1.00010001e+00\n",
      "    3.55428558e-03  4.77199275e-03 -1.60657508e-02]\n",
      "  [-4.78522404e-03  1.27308938e-02 -6.14546657e-03  3.55428558e-03\n",
      "    1.00010001e+00  8.80325125e-03 -2.32674946e-03]\n",
      "  [ 8.07029728e-03  1.02502659e-02 -9.46213646e-03  4.77199275e-03\n",
      "    8.80325125e-03  1.00010001e+00  1.55581048e-02]\n",
      "  [ 1.23985275e-02 -4.34305782e-03  7.32605139e-04 -1.60657508e-02\n",
      "   -2.32674946e-03  1.55581048e-02  1.00010001e+00]]]\n"
     ]
    }
   ],
   "execution_count": 2
  },
  {
   "cell_type": "code",
   "metadata": {
    "ExecuteTime": {
     "end_time": "2024-07-02T15:29:51.999221Z",
     "start_time": "2024-07-02T15:29:51.984170Z"
    }
   },
   "source": [
    "# Fungsi E-step\n",
    "def e_step(X, weights, means, covariances):\n",
    "    k = len(weights)\n",
    "    n = X.shape[0]\n",
    "    resp = np.zeros((n, k))\n",
    "\n",
    "    for i in range(k):\n",
    "        resp[:, i] = weights[i] * gaussian_pdf(X, means[i], covariances[i])\n",
    "    \n",
    "    resp /= resp.sum(axis=1, keepdims=True)\n",
    "    return resp\n",
    "\n",
    "# Melakukan E-step\n",
    "resp = e_step(X, weights, means, covariances)\n",
    "print(\"E-step selesai\")\n",
    "print(\"Responsibilitas:\", resp)\n"
   ],
   "outputs": [
    {
     "name": "stdout",
     "output_type": "stream",
     "text": [
      "E-step selesai\n",
      "Responsibilitas: [[1.39509177e-03 2.60889911e-03 7.87770206e-06 3.48241035e-02\n",
      "  9.59768888e-01 1.39513965e-03]\n",
      " [2.23577054e-03 2.54016164e-03 9.93352518e-06 1.34954223e-02\n",
      "  9.78540234e-01 3.17847815e-03]\n",
      " [2.07965832e-02 2.70442225e-02 6.05289123e-07 1.22738027e-03\n",
      "  9.50645469e-01 2.85739961e-04]\n",
      " ...\n",
      " [7.17569360e-01 2.38994777e-02 3.27193462e-04 1.21371201e-02\n",
      "  4.62764048e-02 1.99790444e-01]\n",
      " [9.01551670e-04 8.90205790e-01 1.48597128e-02 2.61197108e-03\n",
      "  2.30990987e-02 6.83218755e-02]\n",
      " [3.84378086e-02 9.08649189e-01 6.58303655e-06 5.20816047e-03\n",
      "  2.69746709e-02 2.07235881e-02]]\n"
     ]
    }
   ],
   "execution_count": 3
  },
  {
   "cell_type": "code",
   "metadata": {
    "ExecuteTime": {
     "end_time": "2024-07-02T15:30:01.183082Z",
     "start_time": "2024-07-02T15:30:01.175273Z"
    }
   },
   "source": [
    "# Fungsi M-step dengan regularisasi\n",
    "def m_step(X, resp, epsilon=1e-6):\n",
    "    n, d = X.shape\n",
    "    k = resp.shape[1]\n",
    "    \n",
    "    weights = resp.sum(axis=0) / n\n",
    "    means = np.dot(resp.T, X) / resp.sum(axis=0)[:, np.newaxis]\n",
    "    covariances = np.zeros((k, d, d))\n",
    "    \n",
    "    for i in range(k):\n",
    "        diff = X - means[i]\n",
    "        covariances[i] = np.dot(resp[:, i] * diff.T, diff) / resp[:, i].sum()\n",
    "        # Menambahkan regularisasi ke diagonal kovarians\n",
    "        covariances[i] += np.eye(d) * epsilon\n",
    "    \n",
    "    return weights, means, covariances\n",
    "\n",
    "# Melakukan M-step dengan regularisasi\n",
    "weights, means, covariances = m_step(X, resp)\n",
    "print(\"M-step selesai\")\n",
    "print(\"Bobot Baru:\", weights)\n",
    "print(\"Mean Baru:\", means)\n",
    "print(\"Kovarians Baru:\", covariances)\n"
   ],
   "outputs": [
    {
     "name": "stdout",
     "output_type": "stream",
     "text": [
      "M-step selesai\n",
      "Bobot Baru: [0.12043385 0.22316937 0.0412707  0.21065451 0.24992003 0.15455153]\n",
      "Mean Baru: [[-0.46964353 -0.33001535 -0.23374464 -0.60336719  0.74496552 -0.35095196\n",
      "   0.57527347]\n",
      " [ 0.38110441  0.31921633 -0.00179119 -0.40774731 -0.43161259  0.48732589\n",
      "   0.53164647]\n",
      " [ 0.71528049  1.45827698  0.93015312 -0.24073977 -0.0919145  -0.27450392\n",
      "  -0.24588993]\n",
      " [ 0.37288135 -0.4763008  -0.04992387  0.45912874 -0.37447725 -0.68111038\n",
      "  -0.5438046 ]\n",
      " [-0.11658093 -0.10671131 -0.21193925  0.60809247  0.64383506  0.50257271\n",
      "  -0.11410295]\n",
      " [-0.69506401  0.22856977  0.34711392 -0.48588315 -0.46343726 -0.24124484\n",
      "  -0.22458565]]\n",
      "Kovarians Baru: [[[ 7.32037095e-01 -4.93372368e-02  3.92178683e-02 -8.36185377e-02\n",
      "    7.62799648e-02 -5.74215827e-02  4.08471863e-02]\n",
      "  [-4.93372368e-02  8.39479347e-01 -7.28802510e-02  5.67536996e-02\n",
      "    8.20458675e-02 -6.77472029e-02 -1.86894471e-02]\n",
      "  [ 3.92178683e-02 -7.28802510e-02  9.05026189e-01  2.94201595e-02\n",
      "    7.56070847e-02 -8.35238984e-04  5.12478755e-02]\n",
      "  [-8.36185377e-02  5.67536996e-02  2.94201595e-02  6.21225784e-01\n",
      "   -2.75266974e-02 -9.97493037e-02  1.19002210e-01]\n",
      "  [ 7.62799648e-02  8.20458675e-02  7.56070847e-02 -2.75266974e-02\n",
      "    4.50689151e-01  1.70983456e-03 -5.90420580e-02]\n",
      "  [-5.74215827e-02 -6.77472029e-02 -8.35238984e-04 -9.97493037e-02\n",
      "    1.70983456e-03  8.41664248e-01 -2.35733977e-03]\n",
      "  [ 4.08471863e-02 -1.86894471e-02  5.12478755e-02  1.19002210e-01\n",
      "   -5.90420580e-02 -2.35733977e-03  6.94791704e-01]]\n",
      "\n",
      " [[ 8.42850877e-01 -9.47696931e-02  2.01519387e-02 -4.47142019e-02\n",
      "    9.38737661e-02 -4.66330809e-02 -4.01026376e-02]\n",
      "  [-9.47696931e-02  8.10059756e-01 -9.68360293e-02  1.07171709e-01\n",
      "    1.17340904e-01 -4.61761031e-02 -4.47486069e-02]\n",
      "  [ 2.01519387e-02 -9.68360293e-02  9.09007514e-01  6.27449015e-02\n",
      "    8.54409755e-02  2.51797772e-02  3.45320653e-02]\n",
      "  [-4.47142019e-02  1.07171709e-01  6.27449015e-02  8.23793358e-01\n",
      "   -1.40891884e-01  2.62570924e-02  1.03230225e-01]\n",
      "  [ 9.38737661e-02  1.17340904e-01  8.54409755e-02 -1.40891884e-01\n",
      "    8.10431292e-01 -6.60009217e-03 -4.92680039e-03]\n",
      "  [-4.66330809e-02 -4.61761031e-02  2.51797772e-02  2.62570924e-02\n",
      "   -6.60009217e-03  7.59383504e-01 -1.22016594e-01]\n",
      "  [-4.01026376e-02 -4.47486069e-02  3.45320653e-02  1.03230225e-01\n",
      "   -4.92680039e-03 -1.22016594e-01  7.25500475e-01]]\n",
      "\n",
      " [[ 8.20598906e-01 -1.60593984e-01 -5.71258963e-02  2.85689519e-03\n",
      "    8.86972778e-02 -1.17803889e-03 -5.43674102e-03]\n",
      "  [-1.60593984e-01  5.46748785e-01 -1.80012503e-01  1.02281267e-01\n",
      "    3.61603818e-02  6.43447879e-02  3.35984470e-03]\n",
      "  [-5.71258963e-02 -1.80012503e-01  7.70662120e-01  7.40349327e-02\n",
      "   -3.16700732e-03  6.32332157e-02  4.96112775e-02]\n",
      "  [ 2.85689519e-03  1.02281267e-01  7.40349327e-02  9.36170874e-01\n",
      "   -4.42690058e-02  5.07107717e-02  6.31160858e-02]\n",
      "  [ 8.86972778e-02  3.61603818e-02 -3.16700732e-03 -4.42690058e-02\n",
      "    9.90854170e-01 -2.07903352e-02 -1.58522000e-03]\n",
      "  [-1.17803889e-03  6.43447879e-02  6.32332157e-02  5.07107717e-02\n",
      "   -2.07903352e-02  8.75983745e-01 -1.20899795e-01]\n",
      "  [-5.43674102e-03  3.35984470e-03  4.96112775e-02  6.31160858e-02\n",
      "   -1.58522000e-03 -1.20899795e-01  8.87473506e-01]]\n",
      "\n",
      " [[ 9.15811786e-01  4.84053703e-02  2.23940589e-02 -1.09722128e-01\n",
      "    7.25363981e-02  6.36613186e-02  7.35027933e-02]\n",
      "  [ 4.84053703e-02  8.36436241e-01 -3.18704498e-02  1.30015732e-01\n",
      "    1.19494097e-02 -9.57168456e-02 -9.67637157e-02]\n",
      "  [ 2.23940589e-02 -3.18704498e-02  9.71589308e-01  6.85735535e-02\n",
      "    6.08278849e-02  1.25561182e-02  1.13716575e-02]\n",
      "  [-1.09722128e-01  1.30015732e-01  6.85735535e-02  8.00405375e-01\n",
      "   -4.66166190e-02  5.00053149e-02  1.24224759e-01]\n",
      "  [ 7.25363981e-02  1.19494097e-02  6.08278849e-02 -4.66166190e-02\n",
      "    8.56921739e-01 -1.48162293e-01 -8.40253589e-02]\n",
      "  [ 6.36613186e-02 -9.57168456e-02  1.25561182e-02  5.00053149e-02\n",
      "   -1.48162293e-01  5.93006852e-01 -9.17193448e-02]\n",
      "  [ 7.35027933e-02 -9.67637157e-02  1.13716575e-02  1.24224759e-01\n",
      "   -8.40253589e-02 -9.17193448e-02  7.52284631e-01]]\n",
      "\n",
      " [[ 8.50040871e-01 -3.04978917e-02  1.44296073e-02 -5.89665603e-02\n",
      "    6.75511885e-02  2.43358822e-02  5.59057672e-02]\n",
      "  [-3.04978917e-02  8.72716927e-01 -2.70252297e-02  5.96512568e-02\n",
      "    6.77692866e-02 -8.68058733e-02 -5.74586159e-02]\n",
      "  [ 1.44296073e-02 -2.70252297e-02  9.48137201e-01  5.20996256e-02\n",
      "    6.78949081e-02  2.95363677e-02  1.32096711e-02]\n",
      "  [-5.89665603e-02  5.96512568e-02  5.20996256e-02  6.45063103e-01\n",
      "   -8.26965725e-02 -5.65836948e-02  1.52569320e-01]\n",
      "  [ 6.75511885e-02  6.77692866e-02  6.78949081e-02 -8.26965725e-02\n",
      "    5.90370596e-01 -1.05308894e-01 -1.20437062e-02]\n",
      "  [ 2.43358822e-02 -8.68058733e-02  2.95363677e-02 -5.65836948e-02\n",
      "   -1.05308894e-01  7.61648311e-01 -8.30764164e-02]\n",
      "  [ 5.59057672e-02 -5.74586159e-02  1.32096711e-02  1.52569320e-01\n",
      "   -1.20437062e-02 -8.30764164e-02  9.58801578e-01]]\n",
      "\n",
      " [[ 6.28059208e-01 -3.74145158e-02  2.84823304e-02 -8.55414893e-02\n",
      "    5.95509316e-02 -3.24674844e-02 -1.91442029e-02]\n",
      "  [-3.74145158e-02  7.69408592e-01 -6.39847079e-02  1.30263201e-01\n",
      "    1.13697914e-01 -6.88621553e-02 -4.77725309e-02]\n",
      "  [ 2.84823304e-02 -6.39847079e-02  9.19100864e-01  7.23097585e-02\n",
      "    9.95395201e-02  3.64653894e-02  3.39135356e-02]\n",
      "  [-8.55414893e-02  1.30263201e-01  7.23097585e-02  7.52062129e-01\n",
      "   -7.67249806e-02 -4.13005803e-04  1.32457917e-01]\n",
      "  [ 5.95509316e-02  1.13697914e-01  9.95395201e-02 -7.67249806e-02\n",
      "    7.81704757e-01 -3.90339251e-02 -9.90019293e-02]\n",
      "  [-3.24674844e-02 -6.88621553e-02  3.64653894e-02 -4.13005803e-04\n",
      "   -3.90339251e-02  8.86140070e-01 -1.30786316e-01]\n",
      "  [-1.91442029e-02 -4.77725309e-02  3.39135356e-02  1.32457917e-01\n",
      "   -9.90019293e-02 -1.30786316e-01  9.11785594e-01]]]\n"
     ]
    }
   ],
   "execution_count": 4
  },
  {
   "cell_type": "code",
   "metadata": {
    "ExecuteTime": {
     "end_time": "2024-07-02T15:30:04.966126Z",
     "start_time": "2024-07-02T15:30:04.071395Z"
    }
   },
   "source": [
    "# Fungsi log-likelihood\n",
    "def log_likelihood(X, weights, means, covariances):\n",
    "    k = len(weights)\n",
    "    n = X.shape[0]\n",
    "    log_likelihood = 0\n",
    "    \n",
    "    for i in range(n):\n",
    "        tmp = 0\n",
    "        for j in range(k):\n",
    "            tmp += weights[j] * gaussian_pdf(X[i].reshape(1, -1), means[j], covariances[j])\n",
    "        log_likelihood += np.log(tmp)\n",
    "    \n",
    "    return log_likelihood\n",
    "\n",
    "# Menghitung log-likelihood\n",
    "current_log_likelihood = log_likelihood(X, weights, means, covariances)\n",
    "print(\"Log Likelihood:\", current_log_likelihood)\n"
   ],
   "outputs": [
    {
     "name": "stdout",
     "output_type": "stream",
     "text": [
      "Log Likelihood: [-98717.91491369]\n"
     ]
    }
   ],
   "execution_count": 5
  },
  {
   "cell_type": "code",
   "metadata": {
    "ExecuteTime": {
     "end_time": "2024-07-02T15:30:32.906904Z",
     "start_time": "2024-07-02T15:30:07.126261Z"
    }
   },
   "source": [
    "# Fungsi untuk GMM dengan pengecekan NaN dan regularisasi\n",
    "def gmm(X, k, tol=1e-6, nan_threshold=5):\n",
    "    weights, means, covariances = initialize_gmm(X, k)\n",
    "    log_likelihoods = []\n",
    "    nan_count = 0\n",
    "    iteration = 0\n",
    "    \n",
    "    while True:\n",
    "        iteration += 1\n",
    "        print(f\"Iteration {iteration}\")\n",
    "        resp = e_step(X, weights, means, covariances)\n",
    "        weights, means, covariances = m_step(X, resp)\n",
    "        current_log_likelihood = log_likelihood(X, weights, means, covariances)\n",
    "        \n",
    "        if np.isnan(current_log_likelihood):\n",
    "            nan_count += 1\n",
    "            print(f\"Log Likelihood is NaN. NaN count: {nan_count}\")\n",
    "        else:\n",
    "            nan_count = 0\n",
    "            log_likelihoods.append(current_log_likelihood)\n",
    "            print(f\"Log Likelihood: {current_log_likelihood}\")\n",
    "        \n",
    "        if nan_count >= nan_threshold:\n",
    "            print(\"Terminating due to repeated NaN log likelihoods.\")\n",
    "            break\n",
    "        \n",
    "        if iteration > 1 and abs(log_likelihoods[-1] - log_likelihoods[-2]) < tol:\n",
    "            print(\"Converged\")\n",
    "            break\n",
    "    \n",
    "    return weights, means, covariances, resp, log_likelihoods\n",
    "\n",
    "# Melakukan GMM\n",
    "weights, means, covariances, resp, log_likelihoods = gmm(X, k)\n",
    "\n",
    "# Menentukan klaster untuk setiap data\n",
    "clusters = resp.argmax(axis=1)\n",
    "\n",
    "# Menambahkan hasil klaster ke DataFrame\n",
    "df['Cluster'] = clusters\n",
    "\n",
    "# Menyimpan hasil ke dalam file Excel\n",
    "output_excel_path = 'clustered_data_manual.xlsx'\n",
    "df.to_excel(output_excel_path, index=False)\n"
   ],
   "outputs": [
    {
     "name": "stdout",
     "output_type": "stream",
     "text": [
      "Iteration 1\n",
      "Log Likelihood: [-99083.22191045]\n",
      "Iteration 2\n",
      "Log Likelihood: [-98755.15856944]\n",
      "Iteration 3\n",
      "Log Likelihood: [-97564.37449725]\n",
      "Iteration 4\n",
      "Log Likelihood: [-79358.38702294]\n",
      "Iteration 5\n",
      "Log Likelihood: [-60248.24819643]\n",
      "Iteration 6\n",
      "Log Likelihood: [-33531.2335219]\n",
      "Iteration 7\n",
      "Log Likelihood: [-27707.29104689]\n",
      "Iteration 8\n",
      "Log Likelihood: [-12085.35653061]\n",
      "Iteration 9\n",
      "Log Likelihood: [-3157.61876134]\n",
      "Iteration 10\n",
      "Log Likelihood: [8758.16961624]\n",
      "Iteration 11\n",
      "Log Likelihood: [8802.06661871]\n",
      "Iteration 12\n",
      "Log Likelihood: [8935.92912682]\n",
      "Iteration 13\n",
      "Log Likelihood: [9646.44276185]\n",
      "Iteration 14\n",
      "Log Likelihood: [10814.24808289]\n",
      "Iteration 15\n",
      "Log Likelihood: [10828.16500391]\n",
      "Iteration 16\n",
      "Log Likelihood: [10839.18421846]\n",
      "Iteration 17\n",
      "Log Likelihood: [10848.9807094]\n",
      "Iteration 18\n",
      "Log Likelihood: [10858.88677212]\n",
      "Iteration 19\n",
      "Log Likelihood: [10870.37046417]\n",
      "Iteration 20\n",
      "Log Likelihood: [10885.94357237]\n",
      "Iteration 21\n",
      "Log Likelihood: [10911.87467576]\n",
      "Iteration 22\n",
      "Log Likelihood: [10971.74008606]\n",
      "Iteration 23\n",
      "Log Likelihood: [11194.80859835]\n",
      "Iteration 24\n",
      "Log Likelihood: [12384.40956321]\n",
      "Iteration 25\n",
      "Log Likelihood: [15865.39665834]\n",
      "Iteration 26\n",
      "Log Likelihood: [15865.8263072]\n",
      "Iteration 27\n",
      "Log Likelihood: [15865.82630782]\n",
      "Converged\n"
     ]
    }
   ],
   "execution_count": 6
  },
  {
   "cell_type": "code",
   "metadata": {
    "ExecuteTime": {
     "end_time": "2024-07-02T15:30:51.607757Z",
     "start_time": "2024-07-02T15:30:50.397051Z"
    }
   },
   "source": [
    "import matplotlib.pyplot as plt\n",
    "import seaborn as sns\n",
    "\n",
    "# Mapping kluster ke label tingkat gizi\n",
    "cluster_labels = {\n",
    "    0: 'Gizi Baik',\n",
    "    1: 'Gizi Cukup',\n",
    "    2: 'Gizi Buruk',\n",
    "    3: 'Gizi Kurang',\n",
    "    4: 'Gizi Berlebih',\n",
    "    5: 'Obesitas'\n",
    "}\n",
    "\n",
    "df['Cluster Label'] = df['Cluster'].map(cluster_labels)\n",
    "\n",
    "# Menentukan palet warna untuk setiap klaster\n",
    "palette = sns.color_palette(\"viridis\", n_colors=len(cluster_labels))\n",
    "\n",
    "# Plotting the clusters in a 3x2 grid dengan warna berbeda\n",
    "fig, axes = plt.subplots(3, 2, figsize=(15, 15))\n",
    "\n",
    "for i, (cluster, label) in enumerate(cluster_labels.items()):\n",
    "    ax = axes[i // 2, i % 2]\n",
    "    sns.scatterplot(data=df[df['Cluster'] == cluster], x='Tinggi Badan (cm)', y='Berat Badan (kg)', ax=ax, color=palette[i])\n",
    "    ax.set_title(label)\n",
    "    ax.set_xlabel('Tinggi Badan (cm)')\n",
    "    ax.set_ylabel('Berat Badan (kg)')\n",
    "\n",
    "plt.tight_layout()\n",
    "plot_grid_path = 'clustered_data_plot_grid.png'\n",
    "plt.savefig(plot_grid_path)\n",
    "plt.show()\n",
    "plt.close()\n",
    "\n",
    "\n"
   ],
   "outputs": [
    {
     "data": {
      "text/plain": [
       "<Figure size 1500x1500 with 6 Axes>"
      ],
